coor    16
         1    0.00000E+00    0.00000E+00    0.00000E+00
         2    0.33330E+00    0.00000E+00    0.00000E+00
         3    0.66670E+00    0.00000E+00    0.00000E+00
         4    0.10000E+01    0.00000E+00    0.00000E+00
         5    0.00000E+00    0.33330E+00    0.00000E+00
         6    0.33330E+00    0.33330E+00    0.00000E+00
         7    0.66670E+00    0.33330E+00    0.00000E+00
         8    0.10000E+01    0.33330E+00    0.00000E+00
         9    0.00000E+00    0.66670E+00    0.00000E+00
        10    0.33330E+00    0.66670E+00    0.00000E+00
        11    0.66670E+00    0.66670E+00    0.00000E+00
        12    0.10000E+01    0.66670E+00    0.00000E+00
        13    0.00000E+00    0.10000E+01    0.00000E+00
        14    0.33330E+00    0.10000E+01    0.00000E+00
        15    0.66670E+00    0.10000E+01    0.00000E+00
        16    0.10000E+01    0.10000E+01    0.00000E+00
elem         18
         1         3         1         2         6
         2         3         1         6         5
         3         3         2         3         7
         4         3         2         7         6
         5         3         3         4         8
         6         3         3         8         7
         7         3         5         6        10
         8         3         5        10         9
         9         3         6         7        11
        10         3         6        11        10
        11         3         7         8        12
        12         3         7        12        11
        13         3         9        10        14
        14         3         9        14        13
        15         3        10        11        15
        16         3        10        15        14
        17         3        11        12        16
        18         3        11        16        15
nosc  2
         1   0.00000E+000   0.00000E+000
         2  -0.19498E+000   0.00000E+000
         3  -0.39001E+000   0.00000E+000
         4  -0.58499E+000   0.00000E+000
         5  -0.25107E-006   0.45496E+000
         6  -0.19498E+000   0.45495E+000
         7  -0.39001E+000   0.45495E+000
         8  -0.58499E+000   0.45496E+000
         9  -0.62276E-008   0.91006E+000
        10  -0.19498E+000   0.91003E+000
        11  -0.39001E+000   0.91004E+000
        12  -0.58499E+000   0.91006E+000
        13   0.34964E-004   0.13651E+001
        14  -0.19497E+000   0.13650E+001
        15  -0.39002E+000   0.13650E+001
        16  -0.58500E+000   0.13650E+001
nvec 
         1   0.00000E+000   0.00000E+000   0.00000E+000
         2  -0.19498E+000   0.00000E+000   0.00000E+000
         3  -0.39001E+000   0.00000E+000   0.00000E+000
         4  -0.58499E+000   0.00000E+000   0.00000E+000
         5  -0.25107E-006   0.45496E+000   0.00000E+000
         6  -0.19498E+000   0.45495E+000   0.00000E+000
         7  -0.39001E+000   0.45495E+000   0.00000E+000
         8  -0.58499E+000   0.45496E+000   0.00000E+000
         9  -0.62276E-008   0.91006E+000   0.00000E+000
        10  -0.19498E+000   0.91003E+000   0.00000E+000
        11  -0.39001E+000   0.91004E+000   0.00000E+000
        12  -0.58499E+000   0.91006E+000   0.00000E+000
        13   0.34964E-004   0.13651E+001   0.00000E+000
        14  -0.19497E+000   0.13650E+001   0.00000E+000
        15  -0.39002E+000   0.13650E+001   0.00000E+000
        16  -0.58500E+000   0.13650E+001   0.00000E+000
end 
