coor    16
         1    0.00000E+00    0.00000E+00    0.00000E+00
         2    0.33330E+00    0.00000E+00    0.00000E+00
         3    0.66670E+00    0.00000E+00    0.00000E+00
         4    0.10000E+01    0.00000E+00    0.00000E+00
         5    0.00000E+00    0.33330E+00    0.00000E+00
         6    0.33330E+00    0.33330E+00    0.00000E+00
         7    0.66670E+00    0.33330E+00    0.00000E+00
         8    0.10000E+01    0.33330E+00    0.00000E+00
         9    0.00000E+00    0.66670E+00    0.00000E+00
        10    0.33330E+00    0.66670E+00    0.00000E+00
        11    0.66670E+00    0.66670E+00    0.00000E+00
        12    0.10000E+01    0.66670E+00    0.00000E+00
        13    0.00000E+00    0.10000E+01    0.00000E+00
        14    0.33330E+00    0.10000E+01    0.00000E+00
        15    0.66670E+00    0.10000E+01    0.00000E+00
        16    0.10000E+01    0.10000E+01    0.00000E+00
elem         18
         1         3         1         2         6
         2         3         1         6         5
         3         3         2         3         7
         4         3         2         7         6
         5         3         3         4         8
         6         3         3         8         7
         7         3         5         6        10
         8         3         5        10         9
         9         3         6         7        11
        10         3         6        11        10
        11         3         7         8        12
        12         3         7        12        11
        13         3         9        10        14
        14         3         9        14        13
        15         3        10        11        15
        16         3        10        15        14
        17         3        11        12        16
        18         3        11        16        15
nosc  2
         1   0.00000E+000   0.00000E+000
         2  -0.14998E+000   0.00000E+000
         3  -0.30001E+000   0.00000E+000
         4  -0.44999E+000   0.00000E+000
         5  -0.38335E-006   0.49995E+000
         6  -0.14998E+000   0.49995E+000
         7  -0.30001E+000   0.49995E+000
         8  -0.44999E+000   0.49996E+000
         9   0.29855E-006   0.10001E+001
        10  -0.14998E+000   0.10000E+001
        11  -0.30001E+000   0.10000E+001
        12  -0.44999E+000   0.10001E+001
        13   0.37357E-004   0.15001E+001
        14  -0.14997E+000   0.15000E+001
        15  -0.30002E+000   0.15000E+001
        16  -0.45001E+000   0.15000E+001
nvec 
         1   0.00000E+000   0.00000E+000   0.00000E+000
         2  -0.14998E+000   0.00000E+000   0.00000E+000
         3  -0.30001E+000   0.00000E+000   0.00000E+000
         4  -0.44999E+000   0.00000E+000   0.00000E+000
         5  -0.38335E-006   0.49995E+000   0.00000E+000
         6  -0.14998E+000   0.49995E+000   0.00000E+000
         7  -0.30001E+000   0.49995E+000   0.00000E+000
         8  -0.44999E+000   0.49996E+000   0.00000E+000
         9   0.29855E-006   0.10001E+001   0.00000E+000
        10  -0.14998E+000   0.10000E+001   0.00000E+000
        11  -0.30001E+000   0.10000E+001   0.00000E+000
        12  -0.44999E+000   0.10001E+001   0.00000E+000
        13   0.37357E-004   0.15001E+001   0.00000E+000
        14  -0.14997E+000   0.15000E+001   0.00000E+000
        15  -0.30002E+000   0.15000E+001   0.00000E+000
        16  -0.45001E+000   0.15000E+001   0.00000E+000
end 
